 &LIO
 NATOM   =           3,
 NSOL    =           0,
 CHARGE  =           0,
 OPEN    = T,
 NMAX    =         200,
 NUNP    =           0,
 VCINP   = F,
 FRESTARTIN      = restart.in          ,
 GOLD    =   5.00000000000000     ,
 TOLD    =  1.000000000000000E-006,
 RMAX    =   16.0000000000000     ,
 RMAXS   =   16.0000000000000     ,
 PREDCOEF        = F,
 IDIP    =           1,
 WRITEXYZ        = T,
 INTSOLDOUBLE    = T,
 DIIS    = F,
 NDIIS   =          30,
 DGTRIG  =   100.000000000000     ,
 IEXCH   =           9,
 INTEG   = T,
 DENS    = T,
 IGRID   =           0,
 IGRID2  =           0,
 TIMEDEP =           0,
 TDSTEP  =  2.000000000000000E-003,
 NTDSTEP =        1000,
 PROPAGATOR      =           1,
 NBCH    =          10,
 FIELD   = F,
 A0      =   1000.00000000000     ,
 EPSILON =   1.00000000000000     ,
 EXTER   = F,
 FX      =  5.000000074505806E-002,
 FY      =  5.000000074505806E-002,
 FZ      =  5.000000074505806E-002
 /
